1 10 0.001
-36.5 3.6 -5.3 6.2 -1.2 -0.9 6.0 -2.6 8.7 -2.0
-7.5 -53.9 2.2 -9.7 -6.1 9.3 -9.4 -8.4 -0.3 -1.0
-2.0 1.5 -39.5 -4.7 5.6 3.7 5.2 -4.7 -4.3 7.8
8.4 -1.4 -2.0 50.5 -8.9 6.6 -9.5 -4.8 -1.7 -7.2
-1.0 -1.5 -4.9 -9.1 47.0 7.1 -5.9 -7.6 -3.6 -6.3
-8.1 -9.3 -0.8 5.0 -6.3 46.0 5.6 -1.5 -8.4 -1.0
4.4 -4.7 -3.1 -5.9 -2.1 -8.5 44.0 -4.1 -5.9 -5.3
3.1 -9.6 -3.3 -8.6 4.8 8.9 -7.6 -49.8 -3.0 -0.9
-4.0 -9.4 9.2 4.7 -5.4 1.2 -9.3 -8.0 -52.2 1.0
-1.0 -5.0 4.6 -5.8 -2.8 -7.2 -0.6 -9.9 8.1 -45.0
-42.1 175.68 687.37 259.09 513.92 830.54 1018.38 965.54 1159.83 715.32